,4Fe4S,ACG,RutE,MhQn,NfsB,SG1,SG2,SG3,SG4,SG6,YdjA,PnbA,YfhC,YtjD,BluB,SagB,Hub,NfsA,IyD
4527699.3,0.21,0,0,0,0.11,0.31,0.31,0,0,1,0,0,0,0.21,0,1,1,0.21,0
4487554.3,0,0.21,0.21,0,0,0,0,0.21,0.21,0,0,0.31,0,0,0,0,0,0,0.21
4441596.4,0,0,0,0,0,0,0,0,0,0,0,0.11,0,0,0,0,0,0,0
4626750.3,0,0,0,0,0,0,0,0,0,0,0,0,0,0,0,0.21,0.21,0,0
4543771.3,0,0,0,0,0,0,0,0,0,0,0,0,0.21,0,0,0,0,0,0
4543773.3,0,0,0,0,0,0,0,0,0,0,0,0,0,0,0,0.21,0,0,0
4543775.3,0,0,0,0,0,0,0,0,0,0,0,0,0.21,0,0,0,0,0,0
4559935.3,0,0,0,0,0,0,0,0,0,0,0,0,0,0,0,0,0.11,0,0
4569532.3,0,0,1,0,0,0,0,0,0,0,1,0,0,0,0,0.11,0,0,0
4569530.3,0,0,0.31,0,0,0,0,0,0,0,1,0,0,0,0,0,0,0,0
4441143.3,0,0,0,0,0,0,0,0,0,0,0.11,0,0,0,0,0,0,0,0
4507777.3,0,0,0,0,0,0,0,0,0,0,0,0,0,0,0,0.21,0.31,0,0
4564417.3,0,0,0,0,0,0,0,0,0,0,0,0.11,0,0,0.21,0,0,0,0
4527900.3,0.21,0,0,0,0,0.21,0.11,0,0,0,0,0,0,0,0,1,1,0,0
4527899.3,0,0.21,0.21,0,0.31,0,0,0.21,0,0,0,0.31,0,0,0,0.11,0.21,0,0
4513787.3,0,0.21,0,0,0,0,0,0,0,0,0,0,0,0,0,0,0,0,0
4465943.3,0,0,0,0,0.11,0,0,0,0,0,0,0,0,0,0,0,0,0,0
4441570.3,0,0,0,0,0,0,0,0,0,0,0,0.21,0,0,0,0.11,0,0,0
4441574.3,0,0,0,0,0,0,0,0,0,0,0.21,0.21,0,0,0,0,0,0,0.31
4442626.3,0,0,0,0,0,0,0,0,0,0,0.21,0.21,0,0,0,0,0,0,0
4539687.3,0,0,0,0,0,0,0,0,0,0,0,0,0,0,0,0.21,0.21,0,0
4559933.3,0.21,0,0,0,0,0,0,0,0,0,0,0.21,0,0,0,1,1,0,0
4441599.3,0,0,0.31,0,0,0,0,0,0,0,0.21,0.31,0,0,0,0,0,0,0
4441597.3,0,0,0,0,0,0,0,0,0.21,0,0,0,0,0,0,0,0,0,0
4504798.3,0,0,0,0,0,0,0,0,0,0,0,0,0,0,0,0.21,0,0,0
4441591.3,0,0,0,0,0,0,0,0,0,0,0.21,0,0,0,0,0,0,0,0
4441595.3,0,0,0,0,0,0,0,0,0,0,0.21,0,0,0,0,0,0,0,0.21
4441613.3,0,0,0,0,0,0,0,0,0.21,0,0,0.21,0,0,0,0,0,0,0.21
4543772.3,0,0,0,0,0,0,0,0,0,0,0,0,0.21,0,0.11,0,0,0,0
4543774.3,0,0,0,0,0.21,0,0,0,0,0,0,0,0,0,0,0,0,0,0
4492763.3,0,0,0,0,0,0,0,0,0,0,0,0,0,0,0,0.21,0.21,0,0
4597413.3,0,0,0,0,0,0,0,0,0,0,0,0,0,0,0,0.11,0,0,0
4441611.3,0,0,0,0,0,0,0,0,0.21,0,0,0.21,0,0,0,0,0,0,0
4441604.3,0,0,0,0,0,0,0,0,0.11,0,0,0,0,0,0,0,0,0,0
4569531.3,0,0,1,0,0,0,0,0,0,0,0.91,0,0,0,0,0,0,0,0
4569537.3,0,0,0.91,0,0,0,0,0.31,1,0,0.11,0,0,0,1,0,0,0,0
4569535.3,0,0,1,0,0,0,0,0.31,0.91,0,1,0,0,0,1,0,0,0,0
4540190.3,0,0,0,0,0,0,0,0,0,0,0,0,0,0,0,0.21,0.21,0,0
4564416.3,0,0,0,0,0,0,0,0,0,0,0,0,0,0,0,0.21,0.31,0,0
4507778.3,0,0,0,0,0,0.21,0,0,0,0,0,0.21,0,0,0,0.21,0.31,0,0
4478350.3,0,0,0,0,0,0,0,0,0,0,0,0,0,0,0,0,0.11,0,0
4540099.3,0,0,0,0,0,0,0,0,0,0,0,0,0,0,0,0.31,0.31,0,0
4465947.3,0,0,0,0,0,0,0,0,0,0,0,0,0,0,0,0.21,0,0,0
4510939.3,0,0,0,0,0,0,0,0.11,0,0,0,0,0,0,0,0,0,0,0
4557667.3,0,0,0,0,0.21,0,0,0,0,0,0,0,0,0,0,0,0,0,0
4626751.3,0,0,0,0,0,0,0,0,0,0,0,0,0,0,0,0.11,0,0,0
4524037.3,0,0,0,0,0.11,0,0,0.21,0,0,0.11,0.21,0,0,0,0,0.21,0,0
4543776.3,0,0,0,0,0.11,0,0,0,0,0,0,0,0.21,0,0,0,0,0,0
4543778.3,0,0,0,0,0,0,0,0,0,0,0,0,0.21,0,0,0,0,0,0
4611649.3,0,0.21,0.31,0,0,0,0,0.21,0.21,0,0.21,1,0,0,0,0,0,0,0.21
4451655.3,0,0,0,0,0,0,0,0,0,0,0,0,0,0,0,0.31,0.31,0,0
4523101.3,0,0,0,0,0,0,0,0,0.11,0,0.21,0.11,0,0,0.21,0,0,0,0
4523103.3,0,0,0,0,0,0,0,0,0.11,0,0,0.21,0,0,0,0,0,0,0
4522026.3,0,0,0,0,0,0,0,0,0,0,0.11,0,0,0,0,0,0,0,0
4441571.3,0,0,0,0,0,0,0,0,0,0,0.21,0.21,0,0,0.11,0,0,0,0
4559934.3,0.21,0,0,0,0,0,0,0,0,0,0,0,0,0,0,0.11,0.31,0,0
4559936.3,0,0,0,0,0,0,0,0,0,0,0,0,0,0,0,0.21,0.21,0,0
4441662.3,0,0,0,0.21,0,0,0,0,0.11,0,0.31,0.21,0,0,0,0,0,0,0.21
4569533.3,0,0,1,0,0,0,0,0,1,0,0,0,0,0,0,0,0,0,0
4543784.3,0,0,0,0,0,0,0,0,0,0,0,0,0.11,0,0,0,0,0,0
4527898.3,0.21,0,0,0,0,0.21,0.11,0.21,0,0,0,0.21,0,0,0,1,1,0,0
4441661.3,0,0,0,0,0,0,0,0,0,0,0.21,0,0,0,0,0,0,0,0
4569536.3,0,0,1,0,0,0,0,0,0,0,1,0,0,0,0,0.21,0,0,0
4569534.3,0,0,1,0,0,0,0,0,0,0,1,0,0,0,0,0,0,0,0
4540109.3,0,0,0,0,0,0,0,0,0,0,0,0,0,0,0,1,0.31,0,0
4441573.3,0,0,0,0,0,0,0,0,0,0,0.21,0.21,0,0,0,0,0,0,0
4540191.3,0,0,0,0,0,0,0,0,0,0,0,0,0,0,0,0.21,0.21,0,0
